73
1626
571
885
701
1111
206
1724
106
334
2190
242
992
68
2343
1170
311
1337
333
1625
42
845
475
65
510
162
768
182
1111
1912
1432
2299
2564
1019
1912
946
480
866
1378
222
431
1034
2
43
329
2454
1980
1317
1238
77
770
2105
2764
344
204
561
69
41
62
1003
307
709
793
139
552
587
561
679
1200
1657
1584
18
1371
59
1589
1092
238
1463
342
1598
2386
841
1404
574
202
1639
1913
1045
819
1091
1493
459
1191
953
2752
683
645
2145
927
110
932
3615
1714
2830
1610
480
2419
245
1696
563
330
1620
735
578
336
1121
485
1417
722
3554
320
454
478
637
878
834
1588
445
313
2241
1964
1343
168
727
2227
1075
1590
166
51
1567
101
375
313
1200
1625
211
93
183
164
1133
1097
2601
600
782
99
646
562
137
362
883
885
1230
446
2090
952
2256
224
822
1661
139
1270
1986
109
